000005
000007
000012
000013
000025
000027
000028
000031
000032
000033
000034
000036
000037
000043
000052
000058
000062
000065
000068
000071
000074
000075
000079
000082
000083
000090
000092
000093
000100
000101
000105
000107
000108
000109
000120
000121
000125
000126
000129
000132
000136
000138
000142
000145
000147
000148
000152
000158
000161
000164
000170
000171
000180
000181
000184
000185
000186
000187
000199
000200
000201
000203
000204
000206
000209
000210
000212
000214
000215
000216
000217
000218
000220
000225
000226
000227
000229
000233
000235
000237
000240
000243
000244
000247
000248
000251
000255
000256
000257
000258
000259
000261
000262
000269
000270
000273
000275
000276
000278
000282
000283
000287
000288
000289
000292
000300
000305
000316
000319
000321
000322
000329
000331
000334
000353
000354
000357
000365
000366
000368
000369
000375
000377
000378
000383
000385
000390
000391
000396
000400
000401
000402
000403
000406
000407
000410
000411
000412
000415
000416
000422
000425
000426
000430
000435
000445
000452
000453
000456
000465
000469
000473
000474
000478
000480
000481
000484
000488
000491
000500
000501
000502
000503
000505
000506
000509
000513
000514
000517
000520
000521
000524
000526
000527
000529
000530
000532
000537
000538
000542
000543
000546
000554
000559
000560
000561
000563
000567
000573
000577
000581
000582
000584
000585
000587
000592
000596
000598
000603
000604
000607
000614
000615
000618
000625
000627
000631
000632
000634
000636
000637
000639
000641
000642
000643
000644
000650
000652
000653
000654
000658
000660
000661
000662
000664
000666
000667
000668
000671
000673
000681
000691
000692
000697
000699
000705
000706
000711
000713
000719
000722
000723
000729
000733
000737
000738
000753
000758
000761
000765
000770
000771
000782
000786
000789
000791
000793
000794
000805
000810
000816
000817
000821
000823
000828
000829
000830
000834
000836
000837
000843
000845
000846
000849
000857
000863
000864
000867
000869
000870
000875
000877
000879
000880
000882
000892
000893
000898
000901
000906
000911
000912
000920
000922
000923
000930
000933
000936
000937
000939
000942
000943
000947
000953
000957
000959
000962
000969
000976
000977
000978
000980
000981
000986
000987
000992
000994
000996
000997
001001
001004
001006
001015
001016
001018
001020
001025
001028
001030
001032
001037
001042
001043
001049
001051
001053
001058
001064
001066
001067
001068
001070
001071
001074
001081
001084
001091
001093
001094
001097
001105
001106
001109
001110
001114
001115
001116
001119
001124
001127
001132
001138
001140
001141
001149
001153
001154
001156
001157
001158
001163
001165
001167
001174
001175
001177
001180
001186
001195
001196
001198
001199
001200
001208
001210
001216
001226
001228
001231
001236
001239
001241
001242
001251
001252
001257
001258
001259
001261
001266
001268
001272
001274
001280
001283
001287
001288
001289
001291
001293
001295
001302
001309
001311
001312
001318
001319
001321
001324
001328
001329
001331
001333
001334
001338
001339
001345
001346
001348
001351
001355
001356
001361
001363
001364
001367
001372
001373
001377
001378
001379
001383
001386
001387
001388
001390
001393
001395
001398
001399
001405
001407
001408
001413
001417
001427
001431
001434
001439
001442
001444
001445
001449
001451
001459
001465
001468
001469
001472
001481
001484
001487
001488
001489
001500
001501
001506
001508
001509
001513
001514
001515
001516
001521
001524
001526
001530
001535
001550
001552
001553
001555
001564
001572
001574
001576
001579
001581
001584
001590
001593
001595
001596
001597
001601
001602
001610
001611
001613
001615
001619
001626
001629
001630
001631
001643
001646
001652
001654
001655
001656
001657
001658
001659
001662
001669
001673
001674
001680
001681
001682
001685
001688
001689
001696
001701
001702
001704
001707
001709
001710
001715
001720
001726
001730
001733
001737
001739
001740
001741
001745
001746
001747
001748
001749
001750
001751
001753
001756
001758
001760
001761
001763
001773
001774
001777
001784
001790
001791
001794
001796
001797
001805
001807
001810
001812
001813
001818
001822
001824
001827
001830
001831
001838
001839
001841
001849
001852
001854
001858
001860
001866
001868
001870
001877
001878
001879
001881
001883
001889
001891
001892
001893
001896
001899
001913
001917
001922
001924
001925
001927
001929
001932
001933
001937
001944
001950
001954
001959
001962
001966
001971
001972
001973
001978
001984
001985
001986
001987
001989
001992
001994
002001
002002
002004
002005
002007
002010
002012
002014
002018
002022
002025
002033
002039
002040
002041
002043
002051
002053
002056
002057
002065
002066
002067
002071
002077
002081
002082
002083
002085
002086
002089
002097
002099
002110
002112
002113
002115
002116
002119
002125
002128
002129
002131
002133
002136
002141
002143
002154
002155
002156
002161
002164
002167
002170
002180
002181
002183
002186
002189
002191
002194
002195
002197
002203
002205
002207
002213
002218
002221
002224
002226
002227
002230
002231
002232
002233
002234
002239
002251
002253
002263
002265
002266
002268
002269
002270
002276
002279
002286
002287
002288
002295
002299
002305
002308
002310
002314
002320
002321
002329
002331
002337
002339
002341
002348
002350
002354
002356
002358
002362
002367
002371
002373
002375
002381
002390
002392
002395
002396
002398
002408
002411
002418
002420
002421
002423
002425
002426
002427
002428
002434
002438
002440
002448
002452
002456
002457
002458
002462
002464
002466
002467
002474
002476
002478
002479
002480
002488
002490
002496
002499
002507
002509
002510
002516
002518
002520
002523
002524
002526
002527
002529
002532
002536
002541
002543
002553
002554
002559
002561
002564
002575
002576
002579
002585
002598
002604
002605
002607
002613
002615
002617
002621
002626
002634
002641
002645
002648
002649
002654
002663
002672
002687
002689
002691
002692
002697
002698
002704
002708
002709
002711
002714
002716
002719
002720
002724
002732
002736
002738
002743
002744
002745
002758
002759
002773
002774
002776
002777
002782
002785
002787
002788
002790
002793
002801
002802
002804
002805
002808
002812
002815
002816
002820
002821
002822
002823
002825
002828
002829
002832
002835
002838
002846
002847
002852
002853
002854
002857
002859
002864
002866
002871
002875
002878
002880
002881
002882
002889
002893
002901
002902
002903
002905
002912
002913
002916
002921
002925
002927
002930
002933
002936
002940
002945
002953
002955
002957
002962
002965
002966
002967
002980
002981
002985
002989
002990
002992
002999
003000
003007
003011
003012
003022
003026
003031
003034
003037
003040
003045
003047
003048
003049
003050
003052
003054
003059
003064
003071
003076
003080
003081
003084
003085
003087
003088
003089
003101
003102
003112
003114
003123
003126
003128
003131
003134
003141
003143
003145
003146
003148
003156
003157
003160
003161
003165
003166
003168
003175
003176
003178
003183
003185
003186
003189
003194
003198
003204
003205
003206
003207
003208
003209
003210
003219
003220
003221
003222
003225
003231
003246
003248
003249
003256
003259
003260
003265
003266
003269
003270
003271
003273
003280
003283
003286
003288
003289
003295
003296
003298
003299
003303
003304
003305
003306
003311
003313
003314
003316
003317
003319
003320
003323
003324
003325
003329
003332
003333
003343
003344
003345
003346
003354
003356
003357
003358
003361
003362
003366
003367
003368
003370
003371
003376
003380
003381
003384
003385
003390
003394
003397
003400
003401
003402
003405
003407
003409
003414
003418
003420
003426
003431
003436
003445
003446
003447
003448
003456
003458
003460
003461
003462
003465
003474
003477
003479
003482
003484
003485
003487
003493
003496
003500
003513
003526
003527
003536
003538
003546
003558
003562
003572
003573
003574
003578
003586
003587
003588
003590
003593
003594
003600
003605
003609
003611
003612
003614
003616
003622
003623
003626
003631
003633
003634
003637
003641
003642
003646
003648
003656
003659
003661
003665
003666
003671
003672
003673
003676
003681
003683
003684
003686
003688
003690
003691
003697
003700
003701
003704
003705
003706
003707
003711
003714
003716
003718
003719
003720
003725
003727
003728
003731
003733
003734
003735
003737
003745
003746
003748
003749
003750
003768
003772
003774
003777
003781
003786
003793
003802
003806
003816
003820
003822
003827
003830
003834
003835
003837
003840
003841
003842
003843
003850
003853
003856
003860
003865
003871
003872
003874
003883
003889
003893
003895
003901
003909
003913
003914
003917
003918
003920
003925
003927
003932
003938
003944
003949
003959
003963
003966
003970
003977
003978
003981
003982
003985
003986
003988
003995
003996
003998
004001
004005
004011
004014
004017
004019
004020
004027
004029
004031
004032
004041
004059
004060
004061
004062
004064
004065
004072
004074
004088
004091
004092
004096
004099
004100
004103
004105
004111
004113
004116
004118
004123
004125
004128
004137
004140
004141
004144
004148
004150
004155
004156
004159
004162
004165
004168
004171
004179
004182
004189
004190
004191
004196
004197
004199
004203
004205
004207
004208
004209
004210
004213
004214
004216
004219
004224
004227
004228
004230
004232
004233
004236
004239
004242
004243
004244
004247
004248
004251
004254
004255
004262
004263
004267
004269
004278
004279
004282
004283
004288
004291
004295
004298
004309
004312
004314
004323
004324
004325
004333
004334
004335
004342
004348
004351
004355
004357
004359
004374
004379
004389
004391
004393
004397
004400
004404
004406
004415
004416
004419
004421
004423
004425
004434
004436
004440
004441
004442
004445
004449
004451
004453
004456
004461
004465
004467
004470
004475
004476
004478
004479
004484
004485
004487
004491
004496
004497
004498
004500
004506
004508
004509
004510
004512
004514
004515
004516
004519
004520
004523
004528
004530
004531
004536
004537
004539
004546
004547
004548
004549
004558
004563
004564
004567
004570
004575
004580
004585
004587
004589
004591
004594
004596
004603
004604
004606
004611
004612
004617
004623
004630
004636
004637
004638
004639
004646
004649
004650
004651
004653
004655
004658
004659
004660
004665
004670
004676
004681
004683
004685
004690
004694
004696
004701
004705
004709
004710
004714
004715
004716
004717
004721
004722
004725
004730
004735
004737
004738
004739
004744
004746
004748
004757
004758
004760
004764
004765
004768
004769
004770
004771
004773
004774
004775
004777
004780
004787
004789
004791
004798
004802
004803
004805
004810
004813
004814
004816
004820
004826
004829
004832
004833
004835
004840
004843
004846
004847
004848
004850
004855
004859
004868
004869
004872
004875
004879
004880
004883
004884
004885
004893
004897
004900
004902
004909
004917
004920
004922
004932
004936
004937
004938
004942
004944
004948
004951
004956
004976
004978
004995
004998
005003
005007
005014
005016
005020
005022
005028
005030
005056
005058
005059
005060
005062
005063
005065
005067
005068
005072
005075
005076
005078
005080
005082
005083
005086
005091
005093
005094
005099
005100
005102
005108
005116
005118
005123
005126
005128
005135
005148
005149
005153
005157
005170
005179
005190
005194
005205
005219
005220
005226
005228
005234
005238
005239
005240
005241
005245
005249
005253
005257
005261
005262
005265
005269
005272
005279
005282
005286
005287
005290
005295
005297
005301
005304
005305
005315
005316
005319
005320
005323
005325
005327
005331
005346
005349
005350
005355
005357
005373
005381
005388
005389
005403
005405
005409
005411
005412
005414
005424
005429
005430
005431
005436
005438
005444
005451
005456
005459
005460
005463
005466
005473
005478
005479
005484
005489
005493
005495
005496
005499
005500
005507
005508
005513
005515
005517
005521
005524
005526
005527
005530
005532
005541
005542
005544
005545
005551
005552
005556
005559
005562
005566
005567
005575
005576
005577
005580
005582
005585
005586
005588
005594
005595
005600
005601
005602
005606
005618
005619
005620
005637
005643
005650
005651
005654
005656
005657
005664
005666
005667
005673
005677
005678
005684
005686
005687
005691
005693
005695
005699
005703
005705
005709
005711
005716
005719
005720
005721
005724
005727
005730
005735
005739
005748
005750
005764
005767
005773
005774
005776
005777
005779
005780
005781
005782
005783
005786
005796
005798
005805
005806
005811
005814
005817
005822
005823
005824
005827
005839
005840
005841
005844
005845
005847
005855
005856
005857
005861
005868
005872
005877
005880
005881
005884
005888
005890
005893
005896
005902
005909
005911
005914
005915
005917
005925
005939
005944
005949
005950
005952
005954
005956
005957
005958
005962
005964
005966
005970
005975
005977
005989
005991
006000
006002
006004
006009
006013
006020
006029
006042
006049
006050
006057
006062
006063
006066
006070
006074
006075
006076
006080
006083
006085
006097
006103
006107
006111
006114
006119
006120
006122
006124
006125
006126
006128
006129
006130
006134
006139
006140
006144
006151
006153
006155
006156
006158
006161
006162
006165
006171
006178
006179
006182
006187
006188
006191
006194
006196
006198
006200
006201
006202
006206
006207
006209
006211
006216
006218
006220
006227
006231
006232
006237
006240
006242
006243
006248
006255
006256
006259
006261
006262
006265
006268
006274
006280
006283
006285
006287
006300
006302
006305
006310
006318
006322
006326
006335
006338
006340
006344
006345
006349
006354
006362
006365
006366
006368
006369
006370
006375
006376
006379
006380
006386
006387
006391
006392
006397
006400
006402
006412
006416
006417
006418
006424
006425
006428
006430
006437
006444
006445
006447
006449
006451
006460
006462
006465
006469
006472
006474
006475
006478
006486
006487
006490
006500
006507
006509
006513
006517
006528
006529
006536
006545
006548
006550
006551
006553
006560
006562
006563
006564
006585
006590
006591
006592
006593
006596
006600
006603
006604
006605
006606
006608
006609
006612
006618
006619
006623
006629
006632
006633
006635
006638
006639
006642
006647
006650
006651
006654
006655
006656
006659
006661
006665
006667
006668
006669
006670
006672
006673
006675
006677
006678
006680
006682
006688
006691
006695
006696
006698
006700
006702
006711
006714
006717
006721
006725
006737
006742
006743
006744
006748
006750
006752
006754
006757
006760
006763
006768
006769
006771
006772
006773
006779
006785
006789
006799
006802
006803
006804
006809
006810
006812
006813
006817
006821
006824
006825
006827
006831
006833
006835
006842
006850
006857
006860
006861
006862
006863
006864
006875
006879
006885
006886
006890
006893
006894
006895
006901
006904
006905
006907
006908
006910
006914
006919
006921
006922
006931
006932
006933
006934
006935
006936
006937
006939
006940
006942
006943
006954
006956
006957
006959
006960
006965
006968
006970
006977
006983
006984
006985
006991
006998
007002
007005
007008
007009
007011
007015
007016
007018
007022
007024
007026
007028
007029
007031
007035
007036
007038
007045
007059
007060
007066
007068
007069
007074
007077
007081
007086
007091
007092
007094
007098
007106
007110
007112
007115
007116
007117
007119
007122
007123
007127
007128
007133
007140
007146
007148
007150
007151
007152
007153
007161
007170
007172
007177
007180
007181
007185
007192
007194
007195
007196
007197
007200
007202
007204
007206
007208
007210
007214
007217
007219
007223
007229
007231
007236
007243
007248
007249
007253
007254
007256
007259
007261
007267
007268
007271
007272
007273
007274
007279
007284
007287
007292
007294
007303
007306
007307
007308
007309
007321
007323
007329
007335
007338
007340
007342
007343
007349
007350
007351
007358
007371
007372
007373
007375
007377
007379
007383
007385
007387
007390
007391
007392
007394
007398
007404
007406
007412
007413
007416
007422
007425
007427
007430
007431
007437
007439
007446
007447
007449
007453
007462
007463
007464
007471
007477
007486
007491
007493
007495
007497
007498
007505
007512
007518
007520
007521
007524
007529
007530
007533
007534
007538
007539
007542
007545
007547
007553
007555
007565
007575
007579
007583
007584
007586
007588
007590
007591
007594
007595
007596
007601
007603
007604
007606
007615
007620
007631
007634
007636
007637
007639
007640
007642
007643
007646
007649
007653
007657
007662
007663
007664
007667
007668
007669
007671
007674
007690
007696
007698
007700
007703
007712
007713
007714
007718
007719
007720
007722
007724
007727
007728
007729
007733
007734
007735
007739
007740
007749
007760
007768
007773
007778
007780
007784
007787
007790
007794
007803
007814
007816
007823
007826
007830
007831
007833
007836
007837
007841
007844
007851
007852
007853
007856
007857
007859
007861
007866
007870
007872
007874
007875
007877
007880
007881
007882
007883
007891
007892
007898
007899
007902
007904
007915
007919
007921
007927
007930
007942
007943
007947
007948
007952
007953
007956
007961
007962
007966
007972
007976
007979
007980
007984
007985
007992
007997
008001
008008
008018
008019
008021
008022
008023
008024
008026
008031
008037
008041
008043
008045
008047
008048
008049
008051
008059
008061
008063
008080
008081
008089
008092
008096
008097
008104
008106
008107
008108
008110
008118
008119
008120
008127
008129
008134
008135
008138
008140
008142
008149
008153
008158
008160
008161
008163
008176
008178
008181
008184
008186
008189
008190
008204
008210
008214
008220
008221
008224
008225
008226
008228
008229
008234
008239
008243
008247
008250
008251
008252
008253
008264
008268
008269
008271
008272
008286
008287
008294
008302
008305
008306
008311
008313
008322
008323
008325
008330
008337
008356
008359
008361
008364
008377
008380
008384
008385
008386
008392
008394
008398
008402
008404
008406
008407
008410
008413
008415
008427
008428
008435
008440
008446
008447
008450
008452
008453
008462
008466
008471
008472
008477
008478
008480
008482
008483
008485
008486
008488
008492
008494
008495
008497
008499
008507
008513
008514
008515
008519
008521
008523
008524
008533
008535
008537
008549
008555
008557
008563
008570
008574
008577
008580
008581
008582
008584
008586
008596
008599
008600
008604
008605
008606
008608
008609
008611
008612
008616
008618
008621
008624
008625
008627
008628
008629
008637
008641
008648
008651
008654
008656
008659
008663
008669
008671
008673
008680
008681
008684
008687
008689
008690
008702
008703
008706
008710
008711
008713
008714
008715
008716
008717
008719
008721
008731
008732
008733
008735
008738
008743
008750
008760
008762
008763
008765
008767
008770
008773
008779
008783
008785
008786
008789
008790
008791
008804
008805
008808
008811
008812
008814
008819
008823
008826
008839
008846
008847
008848
008857
008858
008860
008867
008868
008870
008876
008880
008882
008885
008903
008908
008909
008911
008912
008913
008914
008919
008920
008924
008925
008929
008932
008935
008941
008957
008961
008965
008972
008975
008977
008978
008979
008980
008985
008986
008987
008988
008991
008994
009000
009003
009019
009025
009028
009030
009033
009037
009040
009042
009044
009047
009053
009056
009060
009062
009064
009066
009070
009073
009079
009089
009090
009091
009092
009097
009101
009105
009107
009114
009115
009117
009120
009122
009128
009129
009130
009133
009134
009141
009142
009143
009145
009149
009153
009155
009156
009158
009162
009163
009164
009166
009168
009170
009172
009174
009177
009179
009180
009183
009185
009189
009191
009195
009197
009198
009201
009202
009203
009204
009210
009211
009213
009214
009218
009221
009223
009224
009234
009237
009250
009254
009257
009268
009271
009272
009275
009277
009278
009281
009290
009292
009304
009305
009309
009312
009315
009320
009321
009322
009329
009333
009336
009344
009346
009347
009350
009356
009358
009361
009362
009368
009374
009384
009386
009394
009403
009406
009412
009413
009416
009417
009419
009420
009426
009427
009430
009436
009442
009444
009446
009447
009451
009452
009453
009458
009460
009465
009467
009470
009471
009475
009480
009482
009489
009490
009491
009492
009499
009501
009502
009505
009506
009507
009508
009510
009515
009523
009524
009525
009526
009527
009530
009531
009533
009534
009536
009547
009549
009552
009563
009564
009565
009567
009568
009571
009574
009575
009586
009595
009597
009605
009607
009610
009612
009620
009622
009627
009635
009636
009637
009648
009649
009650
009652
009656
009658
009659
009661
009662
009663
009670
009674
009676
009681
009684
009685
009686
009688
009691
009694
009695
009696
009699
009700
009701
009702
009713
009723
009731
009732
009734
009735
009736
009737
009738
009741
009742
009743
009744
009746
009748
009753
009764
009767
009769
009775
009784
009785
009791
009799
009802
009806
009809
009812
009814
009817
009821
009822
009824
009825
009826
009827
009829
009830
009834
009835
009848
009860
009861
009862
009864
009866
009868
009870
009872
009876
009879
009886
009889
009893
009900
009904
009907
009909
009914
009916
009921
009931
009934
009935
009938
009949
009951
009957
009959
009962
009963
009967
009969
009971
009976
009983
009987
009990
009993
009995
009998
010002
010006
010010
010017
010019
010020
010021
010022
010024
010030
010041
010047
010051
010053
010055
010056
010058
010065
010066
010073
010074
010078
010079
010085
010087
010090
010091
010102
010103
010104
010112
010113
010120
010122
010123
010124
010125
010127
010128
010133
010134
010136
010146
010158
010163
010166
010169
010171
010173
010175
010180
010186
010187
010188
010190
010202
010204
010207
010208
010209
010215
010217
010218
010225
010231
010235
010244
010247
010249
010252
010257
010260
010262
010263
010265
010274
010277
010279
010281
010285
010291
010292
010295
010299
010301
010302
010303
010304
010307
010309
010310
010311
010316
010318
010319
010320
010325
010326
010333
010336
010337
010338
010339
010349
010350
010357
010358
010359
010362
010363
010365
010366
010368
010369
010370
010372
010373
010375
010380
010386
010391
010393
010394
010395
010398
010406
010412
010413
010416
010417
010419
010423
010424
010425
010426
010430
010431
010433
010438
010442
010444
010449
010450
010453
010455
010460
010461
010462
010466
010467
010469
010470
010471
010475
010480
010482
010483
010485
010488
010490
010493
010498
010502
010503
010504
010505
010511
010515
010523
010531
010535
010539
010555
010559
010561
010567
010569
010570
010574
010585
010589
010592
010595
010596
010597
010599
010604
010605
010608
010611
010619
010620
010621
010623
010624
010630
010644
010646
010649
010653
010655
010656
010657
010663
010664
010667
010669
010677
010682
010683
010684
010686
010688
010689
010690
010691
010693
010694
010701
010707
010716
010718
010722
010725
010727
010732
010734
010740
010742
010746
010747
010748
010762
010764
010769
010770
010772
010776
010777
010783
010790
010799
010802
010807
010811
010813
010818
010821
010822
010826
010829
010833
010834
010836
010842
010846
010848
010853
010854
010856
010860
010869
010872
010877
010880
010881
010886
010888
010889
010890
010896
010900
010904
010906
010907
010910
010913
010916
010918
010925
010931
010933
010935
010943
010951
010952
010955
010963
010965
010969
010972
010979
010980
010984
010988
010991
010992
011000
011003
011010
011016
011023
011024
011027
011039
011040
011041
011042
011051
011056
011062
011064
011066
011071
011072
011077
011079
011081
011082
011083
011086
011093
011094
011096
011097
011102
011103
011105
011109
011110
011111
011113
011116
011122
011123
011137
011141
011143
011147
011148
011149
011151
011153
011154
011157
011170
011172
011175
011176
011178
011179
011187
011188
011190
011195
011196
011197
011200
011203
011204
011206
011212
011214
011217
011230
011231
011233
011235
011237
011241
011245
011246
011248
011256
011260
011262
011263
011264
011265
011267
011269
011273
011275
011278
011281
011283
011286
011287
011290
011291
011292
011294
011306
011309
011311
011313
011315
011318
011321
011329
011330
011331
011348
011349
011350
011361
011369
011370
011376
011377
011380
011388
011389
011391
011401
011404
011407
011408
011413
011416
011418
011423
011425
011428
011434
011437
011440
011443
011449
011450
011452
011454
011456
011460
011468
011472
011473
011480
011482
011483
011487
011488
011490
011492
011495
011497
011499
011500
011502
011505
011506
011509
011512
011514
011515
011519
011521
011523
011529
011537
011538
011540
011544
011551
011552
011554
011565
011570
011578
011580
011582
011584
011587
011593
011596
011598
011599
011604
011610
011620
011623
011625
011627
011634
011637
011638
011639
011642
011649
011656
011657
011660
011663
011664
011674
011678
011679
011680
011691
011692
011696
011697
011699
011700
011705
011706
011707
011708
011709
011711
011713
011721
011722
011723
011725
011726
011730
011735
011736
011741
011744
011746
011748
011752
011763
011765
011766
011770
011771
011773
011774
011775
011776
011783
011787
011790
011792
011794
011799
011802
011804
011807
011815
011817
011824
011826
011828
011831
011835
011836
011839
011840
011842
011845
011866
011874
011876
011877
011881
011882
011884
011890
011891
011893
011901
011902
011903
011908
011909
011914
011915
011917
011920
011922
011924
011925
011927
011928
011930
011938
011941
011942
011945
011948
011949
011954
011960
011961
011963
011964
011967
011968
011973
011974
011975
011977
011982
011983
011987
012004
012008
012010
012011
012013
012014
012015
012016
012017
012019
012022
012024
012028
012029
012031
012035
012036
012040
012042
012055
012061
012066
012067
012073
012076
012077
012086
012091
012092
012093
012095
012097
012101
012106
012107
012109
012113
012114
012120
012128
012130
012133
012137
012139
012140
012141
012146
012154
012155
012159
012164
012166
012169
012170
012173
012176
012178
012180
012182
012186
012191
012192
012196
012197
012199
012201
012203
012207
012210
012214
012216
012217
012218
012226
012228
012230
012231
012232
012233
012242
012244
012246
012248
012254
012256
012259
012261
012268
012271
012276
012283
012287
012294
012298
012301
012305
012307
012311
012312
012313
012314
012317
012325
012336
012345
012348
012350
012351
012357
012366
012370
012372
012377
012389
012390
012401
012405
012407
012408
012411
012413
012415
012417
012418
012427
012428
012431
012432
012435
012440
012442
012446
012448
012449
012452
012453
012457
012460
012461
012462
012467
012470
012475
012476
012483
012485
012487
012489
012499
012504
012511
012512
012514
012517
012519
012520
012522
012526
012528
012531
012532
012535
012539
012540
012544
012545
012548
012551
012553
012563
012565
012566
012573
012581
012582
012588
012589
012590
012591
012594
012597
012598
012603
012604
012605
012606
012607
012612
012627
012634
012636
012637
012641
012642
012647
012652
012653
012663
012667
012676
012683
012684
012685
012687
012690
012694
012699
012701
012710
012711
012715
012721
012722
012724
012726
012727
012728
012730
012736
012742
012743
012747
012749
012754
012756
012757
012758
012759
012760
012763
012764
012766
012772
012775
012776
012777
012778
012780
012783
012784
012786
012794
012800
012803
012804
012815
012816
012817
012820
012822
012824
012825
012826
012827
012832
012839
012842
012846
012848
012849
012851
012858
012863
012864
012867
012869
012874
012878
012884
012888
012893
012894
012899
012910
012911
012912
012914
012915
012917
012918
012920
012928
012933
012934
012939
012945
012947
012954
012959
012964
012965
012966
012967
012971
012973
012976
012977
012978
012979
012990
012994
012996
012997
013002
013005
013012
013019
013020
013021
013026
013035
013036
013037
013039
013043
013048
013051
013053
013054
013055
013069
013072
013077
013085
013091
013094
013095
013099
013100
013102
013103
013105
013107
013114
013118
013124
013126
013127
013128
013135
013141
013142
013144
013145
013149
013150
013151
013152
013158
013159
013162
013163
013165
013167
013170
013181
013185
013186
013188
013192
013195
013196
013198
013201
013204
013206
013213
013214
013217
013218
013225
013230
013232
013237
013238
013240
013251
013252
013267
013268
013270
013271
013272
013273
013274
013279
013283
013284
013296
013297
013298
013301
013311
013313
013319
013321
013323
013326
013327
013338
013348
013354
013359
013360
013369
013374
013375
013376
013377
013383
013390
013399
013405
013407
013410
013412
013413
013416
013418
013422
013432
013434
013436
013437
013441
013442
013445
013447
013456
013458
013464
013472
013473
013480
013481
013486
013488
013489
013494
013495
013499
013501
013502
013503
013510
013513
013518
013525
013532
013534
013538
013540
013541
013544
013545
013548
013551
013553
013556
013557
013581
013582
013583
013584
013588
013589
013591
013594
013598
013599
013600
013604
013606
013607
013609
013612
013615
013617
013620
013621
013623
013624
013625
013627
013629
013635
013639
013640
013657
013658
013659
013660
013662
013664
013667
013672
013674
013677
013679
013683
013691
013693
013694
013698
013702
013705
013706
013708
013711
013712
013718
013720
013723
013725
013731
013732
013739
013742
013751
013764
013772
013773
013774
013779
013793
013805
013808
013809
013815
013818
013822
013826
013827
013832
013834
013842
013847
013852
013858
013859
013863
013868
013869
013872
013875
013878
013885
013887
013892
013896
013900
013903
013904
013909
013912
013915
013921
013924
013925
013928
013933
013936
013940
013941
013945
013946
013956
013957
013959
013961
013964
013967
013970
013984
013991
013995
013999
014000
014003
014009
014017
014023
014027
014028
014031
014033
014036
014040
014050
014052
014053
014055
014057
014058
014064
014070
014071
014076
014081
014084
014086
014089
014091
014096
014097
014099
014102
014103
014104
014114
014115
014124
014136
014137
014144
014145
014147
014149
014150
014151
014153
014156
014157
014158
014161
014163
014164
014173
014174
014175
014176
014177
014179
014182
014183
014184
014186
014187
014189
014196
014197
014199
014201
014204
014206
014207
014213
014223
014224
014226
014229
014233
014239
014248
014251
014255
014258
014259
014262
014264
014267
014271
014274
014276
014278
014286
014289
014291
014293
014296
014297
014301
014302
014309
014315
014316
014323
014328
014333
014334
014335
014344
014345
014346
014354
014357
014358
014363
014366
014367
014370
014379
014381
014385
014393
014394
014399
014400
014403
014404
014405
014406
014407
014408
014409
014411
014412
014418
014419
014423
014427
014430
014438
014439
014441
014442
014443
014446
014447
014455
014461
014463
014471
014476
014481
014483
014486
014489
014490
014491
014494
014495
014497
014503
014504
014507
014508
014511
014513
014514
014515
014521
014524
014530
014532
014534
014545
014547
014552
014558
014559
014561
014566
014569
014571
014572
014577
014580
014585
014591
014593
014594
014595
014596
014600
014601
014606
014610
014615
M000005
M000007
M000012
M000013
M000025
M000027
M000028
M000031
M000032
M000034
M000036
M000037
M000043
M000052
M000058
M000062
M000065
M000068
M000071
M000074
M000075
M000079
M000082
M000083
M000090
M000092
M000093
M000100
M000101
M000105
M000107
M000108
M000109
M000120
M000121
M000125
M000126
M000129
M000132
M000136
M000138
M000142
M000145
M000147
M000148
M000152
M000158
M000161
M000163
M000164
M000170
M000171
M000180
M000181
M000184
M000185
M000186
M000187
M000199
M000200
M000203
M000204
M000206
M000209
M000210
M000212
M000214
M000215
M000216
M000217
M000218
M000220
M000225
M000226
M000227
M000229
M000233
M000235
M000237
M000240
M000243
M000244
M000247
M000248
M000251
M000255
M000256
M000257
M000258
M000259
M000261
M000262
M000269
M000270
M000273
M000275
M000276
M000278
M000282
M000283
M000287
M000288
M000289
M000292
M000300
M000305
M000316
M000319
M000321
M000322
M000331
M000334
M000353
M000354
M000357
M000365
M000366
M000368
M000369
M000375
M000377
M000378
M000383
M000385
M000390
M000391
M000396
M000400
M000401
M000402
M000403
M000406
M000407
M000410
M000411
M000412
M000415
M000416
M000422
M000425
M000426
M000430
M000435
M000445
M000452
M000453
M000456
M000465
M000469
M000473
M000474
M000478
M000480
M000481
M000484
M000488
M000491
M000500
M000501
M000502
M000503
M000505
M000506
M000509
M000513
M000514
M000517
M000520
M000521
M000524
M000526
M000527
M000529
M000530
M000532
M000537
M000538
M000542
M000543
M000546
M000554
M000559
M000560
M000561
M000563
M000567
M000573
M000577
M000581
M000582
M000584
M000585
M000587
M000592
M000596
M000598
M000603
M000604
M000607
M000614
M000615
M000618
M000625
M000627
M000631
M000632
M000634
M000636
M000637
M000639
M000641
M000642
M000643
M000644
M000650
M000652
M000653
M000654
M000658
M000660
M000661
M000662
M000664
M000666
M000667
M000668
M000671
M000673
M000681
M000691
M000692
M000697
M000699
M000705
M000706
M000711
M000713
M000722
M000723
M000729
M000733
M000737
M000738
M000753
M000758
M000761
M000765
M000770
M000771
M000782
M000786
M000789
M000791
M000793
M000794
M000805
M000810
M000816
M000817
M000821
M000823
M000828
M000829
M000830
M000834
M000836
M000837
M000843
M000845
M000846
M000849
M000857
M000863
M000864
M000867
M000869
M000870
M000875
M000877
M000879
M000880
M000882
M000892
M000893
M000898
M000901
M000906
M000911
M000912
M000920
M000922
M000923
M000930
M000933
M000936
M000937
M000939
M000942
M000943
M000947
M000953
M000957
M000959
M000962
M000969
M000976
M000977
M000978
M000980
M000981
M000986
M000987
M000992
M000994
M000996
M000997
M001001
M001004
M001006
M001015
M001016
M001018
M001020
M001025
M001028
M001030
M001032
M001037
M001042
M001043
M001049
M001051
M001053
M001058
M001064
M001066
M001067
M001068
M001070
M001071
M001074
M001081
M001084
M001091
M001093
M001094
M001097
M001105
M001106
M001109
M001110
M001114
M001115
M001116
M001119
M001124
M001127
M001132
M001138
M001140
M001141
M001149
M001153
M001154
M001156
M001157
M001158
M001163
M001165
M001167
M001174
M001175
M001177
M001180
M001186
M001195
M001196
M001198
M001199
M001200
M001208
M001210
M001216
M001226
M001228
M001231
M001236
M001239
M001241
M001242
M001251
M001252
M001257
M001258
M001259
M001261
M001266
M001268
M001272
M001274
M001280
M001283
M001287
M001288
M001289
M001291
M001293
M001295
M001302
M001309
M001311
M001318
M001319
M001321
M001324
M001328
M001329
M001331
M001333
M001334
M001338
M001339
M001345
M001346
M001348
M001351
M001355
M001356
M001361
M001363
M001364
M001367
M001372
M001373
M001377
M001378
M001379
M001383
M001386
M001387
M001388
M001390
M001393
M001395
M001398
M001399
M001405
M001407
M001408
M001413
M001417
M001427
M001431
M001434
M001439
M001442
M001444
M001445
M001449
M001451
M001459
M001465
M001468
M001469
M001472
M001481
M001484
M001487
M001488
M001489
M001500
M001501
M001506
M001508
M001509
M001513
M001514
M001515
M001516
M001521
M001524
M001526
M001530
M001535
M001550
M001552
M001553
M001555
M001564
M001572
M001574
M001576
M001579
M001581
M001584
M001590
M001593
M001595
M001596
M001597
M001601
M001602
M001610
M001611
M001613
M001615
M001619
M001626
M001629
M001630
M001631
M001643
M001646
M001652
M001654
M001655
M001656
M001657
M001658
M001659
M001662
M001669
M001673
M001674
M001680
M001681
M001682
M001685
M001688
M001689
M001696
M001701
M001702
M001704
M001707
M001709
M001710
M001715
M001720
M001726
M001730
M001733
M001737
M001739
M001740
M001741
M001745
M001746
M001747
M001748
M001749
M001750
M001751
M001753
M001756
M001758
M001760
M001761
M001763
M001764
M001773
M001774
M001777
M001784
M001790
M001791
M001794
M001796
M001797
M001805
M001807
M001810
M001812
M001813
M001818
M001822
M001824
M001827
M001830
M001831
M001838
M001839
M001841
M001849
M001852
M001854
M001858
M001860
M001866
M001868
M001870
M001877
M001878
M001879
M001881
M001883
M001889
M001891
M001892
M001893
M001896
M001899
M001917
M001922
M001924
M001925
M001927
M001929
M001932
M001933
M001937
M001944
M001950
M001954
M001959
M001962
M001966
M001971
M001972
M001973
M001978
M001984
M001985
M001986
M001987
M001989
M001992
M001994
M002001
M002002
M002004
M002005
M002007
M002010
M002012
M002014
M002018
M002022
M002025
M002033
M002039
M002040
M002041
M002043
M002051
M002053
M002056
M002057
M002065
M002066
M002067
M002071
M002077
M002081
M002082
M002083
M002085
M002086
M002089
M002097
M002099
M002110
M002112
M002113
M002115
M002116
M002119
M002125
M002128
M002129
M002131
M002133
M002136
M002141
M002143
M002154
M002155
M002156
M002161
M002164
M002167
M002170
M002180
M002181
M002183
M002186
M002189
M002191
M002194
M002195
M002197
M002203
M002205
M002207
M002213
M002218
M002221
M002224
M002226
M002227
M002230
M002231
M002232
M002233
M002234
M002239
M002251
M002253
M002263
M002265
M002266
M002268
M002269
M002270
M002276
M002279
M002286
M002287
M002288
M002295
M002299
M002305
M002308
M002310
M002314
M002320
M002321
M002329
M002331
M002337
M002339
M002341
M002348
M002350
M002354
M002356
M002358
M002362
M002367
M002371
M002373
M002375
M002381
M002390
M002392
M002395
M002396
M002398
M002408
M002411
M002418
M002420
M002421
M002423
M002425
M002426
M002427
M002428
M002434
M002438
M002440
M002448
M002452
M002456
M002457
M002458
M002462
M002464
M002466
M002467
M002474
M002476
M002478
M002479
M002480
M002488
M002490
M002496
M002499
M002507
M002509
M002510
M002516
M002518
M002520
M002523
M002524
M002526
M002527
M002529
M002532
M002536
M002541
M002543
M002553
M002554
M002559
M002561
M002564
M002575
M002576
M002579
M002585
M002598
M002604
M002605
M002607
M002613
M002615
M002617
M002621
M002626
M002634
M002641
M002645
M002648
M002649
M002654
M002663
M002672
M002687
M002689
M002691
M002692
M002697
M002698
M002704
M002708
M002709
M002711
M002714
M002716
M002719
M002720
M002724
M002732
M002736
M002738
M002743
M002744
M002745
M002758
M002759
M002773
M002774
M002776
M002777
M002782
M002785
M002787
M002788
M002790
M002793
M002801
M002802
M002804
M002805
M002808
M002812
M002815
M002816
M002820
M002821
M002822
M002823
M002825
M002828
M002829
M002832
M002835
M002838
M002846
M002847
M002852
M002853
M002854
M002857
M002859
M002864
M002866
M002871
M002875
M002878
M002880
M002881
M002882
M002889
M002893
M002901
M002902
M002903
M002905
M002912
M002913
M002916
M002921
M002925
M002927
M002930
M002933
M002936
M002940
M002945
M002953
M002955
M002957
M002962
M002965
M002966
M002967
M002980
M002981
M002985
M002989
M002990
M002999
M003000
M003007
M003011
M003012
M003022
M003026
M003031
M003034
M003037
M003040
M003045
M003047
M003048
M003049
M003050
M003052
M003054
M003059
M003064
M003071
M003076
M003080
M003081
M003084
M003085
M003087
M003088
M003089
M003101
M003102
M003112
M003114
M003123
M003126
M003128
M003131
M003134
M003141
M003143
M003145
M003146
M003148
M003156
M003157
M003160
M003161
M003165
M003166
M003168
M003175
M003176
M003178
M003183
M003185
M003186
M003189
M003194
M003198
M003204
M003205
M003206
M003207
M003208
M003209
M003210
M003219
M003220
M003221
M003222
M003225
M003231
M003246
M003248
M003249
M003256
M003259
M003260
M003263
M003265
M003266
M003269
M003270
M003271
M003273
M003280
M003283
M003286
M003288
M003289
M003295
M003296
M003298
M003299
M003303
M003304
M003305
M003306
M003311
M003313
M003314
M003316
M003317
M003319
M003320
M003323
M003324
M003325
M003327
M003329
M003332
M003333
M003343
M003344
M003345
M003346
M003354
M003356
M003357
M003358
M003361
M003362
M003366
M003367
M003368
M003370
M003371
M003376
M003380
M003381
M003384
M003385
M003390
M003394
M003397
M003400
M003401
M003402
M003405
M003407
M003409
M003414
M003418
M003420
M003426
M003431
M003436
M003445
M003446
M003447
M003448
M003456
M003458
M003460
M003461
M003462
M003465
M003474
M003477
M003479
M003482
M003484
M003485
M003487
M003493
M003496
M003500
M003513
M003526
M003527
M003536
M003538
M003546
M003558
M003562
M003572
M003573
M003574
M003578
M003586
M003587
M003588
M003590
M003593
M003594
M003600
M003605
M003609
M003611
M003612
M003614
M003616
M003622
M003623
M003626
M003631
M003633
M003634
M003637
M003641
M003642
M003646
M003648
M003656
M003659
M003661
M003665
M003666
M003671
M003672
M003673
M003676
M003681
M003683
M003684
M003686
M003688
M003690
M003691
M003697
M003700
M003701
M003704
M003705
M003706
M003707
M003711
M003714
M003716
M003718
M003719
M003720
M003725
M003727
M003728
M003731
M003733
M003734
M003735
M003737
M003745
M003746
M003748
M003749
M003750
M003768
M003772
M003774
M003777
M003781
M003786
M003793
M003802
M003806
M003816
M003820
M003822
M003826
M003827
M003830
M003834
M003835
M003837
M003840
M003841
M003842
M003843
M003850
M003853
M003856
M003860
M003865
M003871
M003872
M003874
M003883
M003889
M003893
M003895
M003901
M003909
M003913
M003914
M003917
M003918
M003920
M003925
M003927
M003932
M003938
M003944
M003949
M003959
M003963
M003966
M003970
M003977
M003978
M003981
M003982
M003985
M003986
M003988
M003995
M003996
M003998
M004001
M004005
M004011
M004014
M004017
M004019
M004020
M004027
M004029
M004031
M004032
M004041
M004059
M004060
M004061
M004062
M004064
M004065
M004072
M004074
M004088
M004091
M004092
M004096
M004099
M004100
M004103
M004105
M004111
M004113
M004116
M004118
M004125
M004128
M004137
M004140
M004141
M004144
M004148
M004150
M004155
M004156
M004159
M004162
M004165
M004168
M004171
M004179
M004189
M004190
M004191
M004196
M004197
M004199
M004203
M004205
M004207
M004208
M004209
M004210
M004213
M004214
M004216
M004219
M004224
M004227
M004228
M004230
M004232
M004233
M004236
M004239
M004242
M004243
M004244
M004247
M004248
M004251
M004254
M004255
M004262
M004263
M004267
M004269
M004278
M004279
M004282
M004283
M004288
M004291
M004295
M004298
M004309
M004312
M004314
M004323
M004324
M004325
M004333
M004334
M004335
M004342
M004348
M004351
M004355
M004357
M004359
M004374
M004379
M004389
M004391
M004393
M004397
M004400
M004404
M004406
M004415
M004416
M004419
M004421
M004423
M004425
M004434
M004436
M004440
M004441
M004442
M004445
M004449
M004451
M004453
M004456
M004461
M004465
M004467
M004470
M004475
M004476
M004478
M004479
M004484
M004485
M004487
M004491
M004496
M004497
M004498
M004500
M004506
M004508
M004509
M004510
M004512
M004514
M004515
M004516
M004519
M004520
M004523
M004528
M004530
M004531
M004536
M004537
M004539
M004546
M004547
M004548
M004549
M004558
M004563
M004564
M004567
M004570
M004575
M004580
M004585
M004587
M004589
M004591
M004594
M004596
M004603
M004604
M004606
M004611
M004612
M004617
M004623
M004630
M004636
M004637
M004638
M004639
M004646
M004649
M004650
M004651
M004653
M004655
M004658
M004659
M004660
M004662
M004665
M004670
M004676
M004681
M004683
M004685
M004690
M004694
M004696
M004701
M004705
M004709
M004710
M004714
M004715
M004716
M004717
M004721
M004722
M004725
M004730
M004735
M004737
M004738
M004739
M004744
M004746
M004748
M004757
M004758
M004760
M004764
M004765
M004768
M004769
M004770
M004771
M004773
M004774
M004775
M004777
M004780
M004787
M004789
M004791
M004798
M004802
M004803
M004805
M004810
M004813
M004814
M004816
M004820
M004826
M004829
M004832
M004833
M004840
M004843
M004846
M004847
M004848
M004850
M004855
M004859
M004868
M004869
M004872
M004875
M004879
M004880
M004883
M004884
M004885
M004893
M004897
M004900
M004902
M004909
M004917
M004920
M004922
M004932
M004936
M004937
M004938
M004942
M004944
M004948
M004951
M004956
M004976
M004978
M004995
M004998
M005003
M005007
M005014
M005016
M005020
M005022
M005028
M005030
M005056
M005058
M005059
M005060
M005062
M005063
M005065
M005067
M005068
M005072
M005075
M005076
M005078
M005080
M005082
M005083
M005086
M005091
M005093
M005094
M005099
M005100
M005102
M005108
M005116
M005118
M005123
M005126
M005128
M005135
M005148
M005149
M005153
M005157
M005170
M005179
M005190
M005194
M005205
M005219
M005220
M005226
M005228
M005234
M005238
M005239
M005240
M005241
M005245
M005249
M005253
M005257
M005261
M005262
M005265
M005269
M005272
M005279
M005282
M005286
M005287
M005290
M005295
M005297
M005301
M005304
M005305
M005315
M005316
M005319
M005320
M005323
M005325
M005327
M005331
M005346
M005349
M005350
M005355
M005357
M005373
M005381
M005388
M005389
M005403
M005405
M005409
M005411
M005412
M005414
M005424
M005429
M005430
M005431
M005436
M005438
M005444
M005451
M005456
M005459
M005460
M005463
M005466
M005473
M005478
M005479
M005484
M005489
M005493
M005495
M005496
M005499
M005500
M005507
M005508
M005513
M005515
M005517
M005521
M005524
M005526
M005527
M005530
M005532
M005541
M005542
M005544
M005545
M005551
M005552
M005556
M005559
M005562
M005566
M005567
M005575
M005576
M005577
M005580
M005582
M005585
M005586
M005588
M005594
M005595
M005600
M005601
M005602
M005606
M005618
M005619
M005620
M005637
M005643
M005650
M005651
M005654
M005656
M005657
M005664
M005666
M005667
M005673
M005677
M005678
M005684
M005686
M005687
M005691
M005693
M005695
M005699
M005703
M005705
M005709
M005711
M005716
M005719
M005720
M005721
M005724
M005727
M005730
M005735
M005739
M005748
M005750
M005764
M005767
M005773
M005774
M005776
M005777
M005779
M005780
M005781
M005782
M005783
M005786
M005796
M005798
M005805
M005806
M005811
M005814
M005817
M005822
M005823
M005824
M005827
M005839
M005840
M005841
M005844
M005845
M005847
M005855
M005856
M005857
M005861
M005868
M005872
M005877
M005880
M005881
M005884
M005888
M005890
M005893
M005896
M005902
M005909
M005911
M005914
M005915
M005917
M005925
M005939
M005944
M005949
M005950
M005952
M005954
M005956
M005957
M005958
M005962
M005964
M005966
M005970
M005975
M005977
M005989
M005991
M006000
M006002
M006004
M006009
M006013
M006020
M006029
M006042
M006049
M006050
M006057
M006062
M006063
M006066
M006070
M006074
M006075
M006076
M006080
M006083
M006085
M006097
M006103
M006107
M006111
M006114
M006119
M006120
M006122
M006124
M006125
M006126
M006128
M006129
M006130
M006134
M006139
M006140
M006144
M006151
M006153
M006155
M006156
M006158
M006161
M006162
M006165
M006171
M006178
M006179
M006182
M006187
M006188
M006191
M006194
M006196
M006198
M006200
M006201
M006202
M006206
M006207
M006209
M006211
M006216
M006218
M006220
M006227
M006231
M006232
M006237
M006240
M006242
M006243
M006248
M006255
M006256
M006259
M006261
M006262
M006265
M006268
M006274
M006280
M006283
M006285
M006287
M006300
M006302
M006305
M006310
M006318
M006322
M006326
M006335
M006338
M006340
M006344
M006345
M006349
M006354
M006362
M006365
M006366
M006368
M006369
M006370
M006375
M006376
M006379
M006380
M006386
M006387
M006391
M006392
M006397
M006400
M006402
M006412
M006416
M006417
M006418
M006424
M006425
M006428
M006430
M006437
M006444
M006447
M006449
M006451
M006460
M006462
M006465
M006469
M006472
M006474
M006475
M006478
M006486
M006487
M006490
M006500
M006507
M006509
M006513
M006517
M006528
M006529
M006536
M006545
M006548
M006550
M006551
M006553
M006560
M006562
M006563
M006564
M006585
M006590
M006591
M006592
M006593
M006596
M006600
M006603
M006604
M006605
M006606
M006608
M006609
M006612
M006618
M006619
M006623
M006629
M006632
M006633
M006635
M006638
M006639
M006642
M006647
M006650
M006654
M006655
M006656
M006659
M006661
M006665
M006667
M006668
M006669
M006670
M006672
M006673
M006675
M006677
M006678
M006680
M006682
M006688
M006691
M006695
M006696
M006698
M006700
M006702
M006711
M006714
M006717
M006721
M006725
M006737
M006742
M006743
M006744
M006748
M006750
M006752
M006754
M006757
M006760
M006763
M006768
M006769
M006771
M006772
M006773
M006779
M006785
M006788
M006789
M006799
M006802
M006803
M006804
M006809
M006810
M006812
M006813
M006817
M006821
M006824
M006825
M006827
M006831
M006833
M006835
M006842
M006850
M006857
M006860
M006861
M006862
M006863
M006864
M006875
M006879
M006885
M006886
M006890
M006893
M006894
M006895
M006901
M006904
M006905
M006907
M006908
M006910
M006914
M006919
M006921
M006922
M006931
M006932
M006933
M006934
M006935
M006936
M006937
M006939
M006940
M006942
M006943
M006954
M006956
M006957
M006959
M006960
M006965
M006968
M006970
M006977
M006983
M006984
M006985
M006991
M006998
M007002
M007005
M007008
M007009
M007011
M007015
M007016
M007018
M007022
M007024
M007026
M007028
M007029
M007031
M007035
M007036
M007038
M007045
M007059
M007060
M007066
M007068
M007069
M007074
M007077
M007081
M007086
M007091
M007092
M007094
M007098
M007103
M007106
M007110
M007112
M007115
M007116
M007117
M007119
M007122
M007123
M007127
M007128
M007133
M007140
M007146
M007148
M007150
M007151
M007152
M007153
M007161
M007170
M007172
M007177
M007180
M007181
M007185
M007192
M007194
M007195
M007196
M007197
M007200
M007202
M007204
M007206
M007208
M007210
M007214
M007217
M007219
M007223
M007229
M007231
M007236
M007243
M007248
M007249
M007253
M007254
M007256
M007259
M007261
M007267
M007268
M007271
M007272
M007273
M007274
M007279
M007284
M007287
M007292
M007294
M007303
M007306
M007307
M007308
M007309
M007321
M007323
M007329
M007335
M007338
M007340
M007342
M007343
M007349
M007350
M007351
M007358
M007371
M007372
M007373
M007375
M007377
M007379
M007383
M007385
M007387
M007388
M007390
M007391
M007392
M007394
M007398
M007404
M007406
M007412
M007413
M007416
M007422
M007425
M007427
M007430
M007431
M007437
M007439
M007446
M007447
M007449
M007453
M007462
M007463
M007464
M007471
M007477
M007486
M007491
M007493
M007495
M007497
M007498
M007505
M007512
M007518
M007520
M007521
M007524
M007529
M007530
M007533
M007534
M007538
M007539
M007542
M007545
M007547
M007553
M007555
M007565
M007575
M007579
M007583
M007584
M007586
M007588
M007590
M007591
M007594
M007595
M007596
M007601
M007603
M007604
M007606
M007615
M007620
M007631
M007634
M007636
M007637
M007639
M007640
M007642
M007643
M007646
M007649
M007653
M007657
M007662
M007663
M007664
M007667
M007668
M007669
M007671
M007674
M007690
M007696
M007698
M007700
M007703
M007712
M007713
M007714
M007718
M007719
M007720
M007722
M007724
M007727
M007728
M007729
M007733
M007734
M007735
M007739
M007740
M007749
M007760
M007768
M007773
M007778
M007780
M007784
M007787
M007790
M007794
M007803
M007814
M007816
M007823
M007826
M007830
M007831
M007833
M007836
M007837
M007841
M007844
M007851
M007852
M007853
M007856
M007857
M007859
M007861
M007866
M007870
M007872
M007875
M007877
M007880
M007881
M007882
M007883
M007891
M007892
M007898
M007899
M007902
M007904
M007915
M007919
M007921
M007927
M007930
M007942
M007943
M007947
M007948
M007952
M007953
M007956
M007961
M007962
M007966
M007972
M007976
M007979
M007980
M007984
M007985
M007992
M007997
M008001
M008008
M008018
M008019
M008021
M008022
M008023
M008024
M008026
M008031
M008037
M008041
M008043
M008045
M008047
M008048
M008049
M008051
M008059
M008061
M008063
M008080
M008081
M008089
M008092
M008096
M008097
M008104
M008106
M008107
M008108
M008110
M008118
M008119
M008120
M008127
M008129
M008134
M008135
M008138
M008140
M008142
M008149
M008153
M008158
M008160
M008161
M008163
M008176
M008178
M008181
M008184
M008186
M008189
M008190
M008204
M008210
M008214
M008220
M008221
M008224
M008225
M008226
M008228
M008229
M008234
M008239
M008243
M008247
M008250
M008251
M008252
M008253
M008264
M008268
M008269
M008271
M008272
M008286
M008287
M008294
M008302
M008305
M008306
M008311
M008313
M008322
M008323
M008325
M008330
M008337
M008356
M008359
M008361
M008364
M008377
M008380
M008384
M008385
M008386
M008392
M008394
M008398
M008402
M008404
M008406
M008407
M008410
M008413
M008415
M008427
M008428
M008435
M008440
M008446
M008447
M008450
M008452
M008453
M008462
M008466
M008471
M008472
M008477
M008478
M008480
M008482
M008483
M008485
M008486
M008488
M008492
M008494
M008495
M008497
M008499
M008507
M008513
M008514
M008515
M008519
M008521
M008523
M008524
M008533
M008535
M008537
M008549
M008555
M008557
M008563
M008570
M008574
M008577
M008580
M008581
M008582
M008584
M008586
M008596
M008599
M008600
M008604
M008605
M008606
M008608
M008609
M008611
M008612
M008616
M008618
M008621
M008624
M008625
M008627
M008628
M008629
M008637
M008641
M008648
M008651
M008654
M008656
M008659
M008663
M008669
M008671
M008673
M008680
M008681
M008684
M008687
M008689
M008690
M008702
M008703
M008706
M008710
M008711
M008713
M008714
M008715
M008716
M008717
M008719
M008721
M008731
M008732
M008733
M008735
M008738
M008743
M008750
M008760
M008762
M008763
M008765
M008767
M008770
M008773
M008779
M008783
M008785
M008786
M008789
M008790
M008791
M008804
M008805
M008808
M008811
M008812
M008814
M008819
M008823
M008826
M008839
M008846
M008847
M008848
M008857
M008858
M008860
M008867
M008868
M008870
M008876
M008880
M008882
M008885
M008903
M008908
M008909
M008911
M008912
M008913
M008914
M008919
M008920
M008924
M008925
M008929
M008932
M008935
M008941
M008957
M008961
M008965
M008972
M008975
M008977
M008978
M008979
M008980
M008985
M008986
M008987
M008988
M008991
M008994
M009000
M009003
M009019
M009025
M009028
M009030
M009033
M009037
M009040
M009042
M009044
M009047
M009053
M009056
M009060
M009062
M009064
M009066
M009070
M009073
M009079
M009089
M009090
M009091
M009092
M009097
M009101
M009105
M009107
M009114
M009115
M009117
M009120
M009122
M009128
M009129
M009130
M009133
M009134
M009141
M009142
M009143
M009145
M009149
M009153
M009155
M009156
M009158
M009162
M009163
M009164
M009166
M009168
M009170
M009172
M009174
M009177
M009179
M009180
M009183
M009185
M009189
M009191
M009195
M009197
M009198
M009201
M009202
M009203
M009204
M009210
M009211
M009213
M009214
M009218
M009221
M009223
M009224
M009234
M009237
M009250
M009254
M009257
M009268
M009271
M009272
M009275
M009277
M009278
M009281
M009290
M009292
M009304
M009305
M009309
M009312
M009315
M009320
M009321
M009322
M009329
M009333
M009336
M009344
M009346
M009347
M009350
M009356
M009358
M009361
M009362
M009368
M009374
M009384
M009386
M009394
M009403
M009406
M009412
M009413
M009416
M009417
M009419
M009420
M009426
M009427
M009430
M009436
M009442
M009444
M009446
M009447
M009451
M009452
M009453
M009458
M009460
M009465
M009467
M009470
M009471
M009475
M009476
M009480
M009482
M009489
M009490
M009491
M009492
M009499
M009501
M009502
M009505
M009506
M009507
M009508
M009510
M009515
M009523
M009524
M009525
M009526
M009527
M009530
M009531
M009533
M009534
M009536
M009547
M009549
M009552
M009563
M009564
M009565
M009567
M009568
M009571
M009574
M009575
M009586
M009595
M009597
M009605
M009607
M009610
M009612
M009620
M009622
M009627
M009635
M009636
M009637
M009648
M009649
M009650
M009652
M009656
M009658
M009659
M009661
M009662
M009663
M009670
M009674
M009676
M009681
M009684
M009685
M009686
M009688
M009691
M009694
M009695
M009696
M009699
M009700
M009701
M009702
M009713
M009723
M009731
M009732
M009734
M009735
M009736
M009737
M009738
M009741
M009742
M009743
M009744
M009746
M009748
M009753
M009764
M009767
M009769
M009775
M009784
M009785
M009791
M009799
M009802
M009806
M009809
M009812
M009814
M009817
M009821
M009822
M009824
M009825
M009826
M009827
M009829
M009830
M009834
M009835
M009848
M009860
M009861
M009862
M009864
M009866
M009868
M009870
M009872
M009876
M009879
M009889
M009893
M009900
M009904
M009907
M009909
M009914
M009916
M009921
M009931
M009934
M009935
M009938
M009949
M009951
M009957
M009959
M009962
M009963
M009967
M009969
M009971
M009976
M009983
M009987
M009990
M009993
M009995
M009998
M010002
M010006
M010010
M010017
M010019
M010020
M010021
M010022
M010024
M010030
M010041
M010047
M010051
M010053
M010055
M010056
M010058
M010065
M010066
M010073
M010074
M010079
M010085
M010087
M010090
M010091
M010102
M010103
M010104
M010112
M010113
M010120
M010122
M010123
M010124
M010125
M010127
M010128
M010133
M010134
M010136
M010146
M010158
M010163
M010166
M010169
M010171
M010173
M010175
M010180
M010186
M010187
M010188
M010190
M010202
M010204
M010207
M010208
M010209
M010215
M010217
M010218
M010225
M010231
M010235
M010244
M010247
M010249
M010252
M010257
M010260
M010262
M010263
M010265
M010274
M010277
M010279
M010281
M010285
M010291
M010292
M010295
M010299
M010301
M010302
M010303
M010304
M010307
M010309
M010310
M010311
M010316
M010318
M010319
M010320
M010325
M010326
M010333
M010336
M010337
M010338
M010339
M010349
M010350
M010357
M010358
M010359
M010362
M010363
M010365
M010366
M010368
M010369
M010370
M010372
M010373
M010375
M010380
M010386
M010391
M010393
M010394
M010395
M010398
M010406
M010412
M010413
M010416
M010417
M010419
M010423
M010424
M010425
M010426
M010430
M010431
M010433
M010438
M010442
M010449
M010450
M010453
M010455
M010460
M010461
M010462
M010466
M010467
M010469
M010470
M010471
M010475
M010480
M010482
M010483
M010485
M010488
M010490
M010493
M010498
M010502
M010503
M010504
M010505
M010511
M010515
M010523
M010531
M010535
M010539
M010555
M010559
M010561
M010567
M010569
M010570
M010574
M010585
M010589
M010592
M010595
M010596
M010597
M010599
M010604
M010605
M010608
M010611
M010619
M010620
M010621
M010623
M010624
M010630
M010644
M010646
M010649
M010653
M010655
M010656
M010657
M010663
M010664
M010667
M010669
M010677
M010682
M010683
M010684
M010686
M010688
M010689
M010690
M010691
M010693
M010694
M010701
M010707
M010716
M010718
M010722
M010725
M010727
M010732
M010734
M010740
M010742
M010746
M010747
M010748
M010762
M010764
M010769
M010770
M010772
M010776
M010777
M010783
M010790
M010799
M010802
M010807
M010811
M010813
M010818
M010821
M010822
M010826
M010829
M010833
M010834
M010836
M010842
M010846
M010848
M010853
M010854
M010856
M010860
M010869
M010872
M010877
M010880
M010881
M010886
M010888
M010889
M010890
M010896
M010900
M010904
M010906
M010907
M010910
M010913
M010916
M010918
M010925
M010931
M010933
M010935
M010943
M010951
M010952
M010955
M010963
M010965
M010969
M010972
M010979
M010980
M010984
M010988
M010991
M011000
M011003
M011010
M011016
M011023
M011024
M011027
M011039
M011040
M011041
M011042
M011051
M011056
M011062
M011064
M011066
M011071
M011072
M011077
M011079
M011081
M011082
M011083
M011086
M011093
M011094
M011096
M011097
M011102
M011103
M011105
M011109
M011110
M011111
M011113
M011116
M011122
M011123
M011137
M011141
M011143
M011147
M011148
M011149
M011151
M011153
M011154
M011157
M011170
M011172
M011175
M011176
M011178
M011179
M011187
M011188
M011190
M011195
M011196
M011197
M011200
M011203
M011204
M011206
M011212
M011214
M011217
M011230
M011231
M011233
M011235
M011237
M011241
M011245
M011246
M011248
M011256
M011260
M011262
M011263
M011264
M011265
M011267
M011269
M011273
M011275
M011278
M011281
M011283
M011286
M011287
M011290
M011291
M011292
M011294
M011306
M011309
M011311
M011313
M011315
M011318
M011321
M011329
M011330
M011331
M011348
M011349
M011350
M011361
M011369
M011370
M011376
M011377
M011380
M011388
M011389
M011391
M011401
M011404
M011407
M011408
M011413
M011416
M011418
M011423
M011425
M011428
M011434
M011437
M011440
M011443
M011449
M011450
M011452
M011454
M011456
M011460
M011468
M011472
M011473
M011480
M011482
M011483
M011487
M011488
M011490
M011492
M011495
M011497
M011499
M011500
M011502
M011505
M011506
M011509
M011512
M011514
M011515
M011519
M011521
M011523
M011529
M011537
M011538
M011540
M011544
M011551
M011552
M011554
M011565
M011570
M011578
M011580
M011582
M011584
M011587
M011593
M011596
M011598
M011599
M011604
M011610
M011620
M011623
M011625
M011627
M011634
M011637
M011638
M011639
M011642
M011649
M011656
M011657
M011660
M011663
M011664
M011674
M011678
M011679
M011680
M011691
M011692
M011696
M011697
M011699
M011700
M011705
M011706
M011707
M011708
M011709
M011711
M011713
M011721
M011722
M011723
M011725
M011726
M011730
M011735
M011736
M011741
M011744
M011746
M011748
M011752
M011763
M011765
M011766
M011770
M011771
M011773
M011774
M011775
M011776
M011783
M011787
M011790
M011792
M011794
M011799
M011802
M011804
M011807
M011815
M011817
M011824
M011826
M011828
M011831
M011835
M011836
M011839
M011840
M011842
M011845
M011866
M011874
M011876
M011877
M011881
M011882
M011884
M011890
M011891
M011893
M011901
M011902
M011903
M011908
M011909
M011914
M011915
M011917
M011920
M011922
M011924
M011925
M011927
M011928
M011930
M011938
M011941
M011942
M011945
M011948
M011949
M011954
M011960
M011961
M011963
M011964
M011967
M011968
M011973
M011974
M011975
M011977
M011982
M011983
M011987
M012004
M012008
M012010
M012011
M012013
M012014
M012015
M012016
M012017
M012019
M012022
M012024
M012028
M012029
M012031
M012035
M012036
M012040
M012042
M012055
M012061
M012066
M012067
M012073
M012076
M012077
M012086
M012091
M012092
M012093
M012095
M012097
M012101
M012106
M012107
M012108
M012109
M012113
M012114
M012120
M012128
M012130
M012133
M012137
M012139
M012140
M012141
M012146
M012154
M012155
M012159
M012164
M012166
M012169
M012170
M012173
M012176
M012178
M012180
M012182
M012191
M012192
M012196
M012197
M012199
M012201
M012203
M012207
M012210
M012214
M012216
M012217
M012218
M012226
M012228
M012230
M012231
M012232
M012233
M012242
M012244
M012246
M012248
M012254
M012256
M012259
M012261
M012268
M012271
M012276
M012283
M012287
M012294
M012298
M012301
M012305
M012307
M012311
M012312
M012313
M012314
M012317
M012325
M012336
M012345
M012348
M012350
M012351
M012357
M012366
M012370
M012372
M012377
M012389
M012390
M012401
M012405
M012407
M012408
M012411
M012413
M012415
M012417
M012418
M012427
M012428
M012431
M012432
M012435
M012440
M012442
M012446
M012448
M012449
M012452
M012453
M012457
M012460
M012461
M012462
M012467
M012470
M012475
M012476
M012483
M012485
M012487
M012489
M012499
M012504
M012511
M012512
M012514
M012517
M012519
M012520
M012522
M012526
M012528
M012531
M012532
M012535
M012539
M012540
M012544
M012545
M012547
M012548
M012551
M012553
M012563
M012565
M012566
M012573
M012581
M012582
M012588
M012589
M012590
M012591
M012594
M012597
M012598
M012603
M012604
M012605
M012606
M012607
M012612
M012627
M012634
M012636
M012637
M012641
M012642
M012647
M012652
M012653
M012663
M012667
M012676
M012683
M012684
M012685
M012687
M012690
M012694
M012699
M012701
M012709
M012710
M012711
M012715
M012721
M012722
M012724
M012726
M012727
M012728
M012730
M012736
M012742
M012743
M012747
M012749
M012754
M012756
M012757
M012758
M012759
M012760
M012763
M012764
M012766
M012772
M012775
M012776
M012777
M012778
M012780
M012783
M012784
M012786
M012794
M012800
M012803
M012804
M012815
M012816
M012817
M012820
M012822
M012824
M012825
M012826
M012827
M012832
M012839
M012842
M012846
M012848
M012849
M012851
M012858
M012863
M012864
M012867
M012869
M012874
M012878
M012884
M012888
M012893
M012894
M012899
M012910
M012911
M012912
M012914
M012915
M012917
M012918
M012920
M012928
M012933
M012934
M012939
M012945
M012947
M012954
M012959
M012964
M012965
M012966
M012967
M012971
M012973
M012976
M012977
M012978
M012979
M012990
M012994
M012996
M012997
M013002
M013005
M013012
M013019
M013020
M013021
M013026
M013035
M013036
M013037
M013039
M013043
M013048
M013051
M013053
M013054
M013055
M013069
M013072
M013077
M013085
M013091
M013094
M013095
M013099
M013100
M013102
M013103
M013105
M013107
M013114
M013118
M013124
M013126
M013127
M013128
M013135
M013141
M013142
M013144
M013145
M013149
M013150
M013151
M013152
M013158
M013159
M013162
M013163
M013165
M013167
M013170
M013181
M013185
M013186
M013188
M013192
M013195
M013196
M013198
M013201
M013204
M013206
M013213
M013214
M013217
M013218
M013225
M013230
M013232
M013237
M013238
M013240
M013251
M013252
M013267
M013268
M013270
M013271
M013272
M013273
M013274
M013279
M013283
M013284
M013296
M013297
M013298
M013301
M013311
M013313
M013319
M013321
M013323
M013326
M013327
M013338
M013348
M013354
M013359
M013360
M013369
M013374
M013375
M013376
M013377
M013383
M013390
M013399
M013405
M013407
M013410
M013412
M013413
M013416
M013418
M013422
M013432
M013434
M013436
M013437
M013441
M013442
M013445
M013447
M013456
M013458
M013464
M013472
M013473
M013480
M013481
M013486
M013488
M013489
M013494
M013495
M013499
M013501
M013502
M013503
M013510
M013513
M013518
M013525
M013532
M013534
M013538
M013540
M013541
M013544
M013545
M013548
M013551
M013553
M013554
M013556
M013557
M013581
M013582
M013583
M013584
M013588
M013589
M013591
M013594
M013598
M013599
M013600
M013604
M013606
M013607
M013609
M013612
M013615
M013617
M013620
M013621
M013623
M013624
M013625
M013627
M013629
M013635
M013639
M013640
M013657
M013658
M013659
M013660
M013662
M013664
M013667
M013672
M013674
M013677
M013679
M013683
M013691
M013693
M013694
M013698
M013702
M013705
M013708
M013711
M013712
M013718
M013720
M013723
M013725
M013731
M013732
M013739
M013742
M013751
M013764
M013772
M013773
M013774
M013779
M013793
M013805
M013808
M013809
M013815
M013818
M013822
M013826
M013827
M013832
M013834
M013842
M013847
M013852
M013858
M013859
M013863
M013868
M013869
M013872
M013875
M013878
M013885
M013887
M013892
M013896
M013900
M013903
M013904
M013909
M013912
M013915
M013921
M013924
M013925
M013928
M013933
M013936
M013940
M013941
M013945
M013946
M013956
M013957
M013959
M013961
M013964
M013967
M013970
M013984
M013985
M013991
M013995
M013999
M014000
M014003
M014009
M014017
M014023
M014027
M014028
M014031
M014033
M014036
M014040
M014050
M014052
M014053
M014055
M014058
M014064
M014070
M014071
M014076
M014081
M014084
M014086
M014089
M014091
M014096
M014097
M014099
M014102
M014103
M014104
M014114
M014115
M014124
M014136
M014137
M014144
M014145
M014147
M014149
M014150
M014151
M014153
M014156
M014157
M014158
M014161
M014163
M014164
M014173
M014174
M014175
M014176
M014177
M014179
M014182
M014183
M014184
M014186
M014187
M014189
M014196
M014197
M014199
M014201
M014206
M014207
M014213
M014223
M014224
M014226
M014229
M014233
M014239
M014248
M014251
M014255
M014258
M014259
M014262
M014264
M014267
M014271
M014274
M014276
M014278
M014286
M014289
M014291
M014293
M014296
M014297
M014301
M014302
M014309
M014315
M014316
M014323
M014328
M014333
M014334
M014335
M014344
M014345
M014346
M014354
M014357
M014358
M014363
M014366
M014367
M014370
M014379
M014381
M014385
M014393
M014394
M014399
M014400
M014403
M014404
M014405
M014406
M014407
M014408
M014409
M014411
M014412
M014418
M014419
M014423
M014427
M014430
M014438
M014439
M014441
M014442
M014443
M014446
M014447
M014455
M014461
M014463
M014471
M014476
M014481
M014483
M014486
M014489
M014490
M014491
M014494
M014495
M014497
M014503
M014504
M014507
M014508
M014511
M014513
M014514
M014515
M014521
M014524
M014530
M014532
M014534
M014545
M014547
M014552
M014558
M014559
M014561
M014566
M014569
M014571
M014572
M014577
M014580
M014585
M014591
M014593
M014594
M014595
M014596
M014600
M014601
M014606
M014610
M014615
